1.34585373237105	-0.222182144263654	0.0697267342985805	1.46029596472984	0	0	1.33448057120066	0.235044353631186	0.00926305917710315	-1.45695182113030	0	0	0	-0.0208775401331838	0.0949309513227804	0.100968224137985	0	0	0	-0.0238546524632520	-0.0562969093759446	-0.0656870846927898	0	0
1.34225912542896	-0.225822217025486	0.0697267342985805	1.46032614877073	0	0	1.33448057120066	0.235044353631186	0.00926305917710315	-1.45695182113030	0	0	0	-0.0196756536668656	0.0950429960827532	0.101411858035603	0	0	0	-0.0237965341875848	-0.0561596318123431	-0.0613193047356036	0	0
1.34211884936611	-0.225814718710483	0.0697335623684499	1.46032174693773	0	0	1.33361199190169	0.235908081742097	0.00463162894193121	-1.45751142585570	0	0	0	-0.0189552351135670	0.0972931856440524	0.0953539849325470	0	0	0	-0.0242881145830666	-0.0558862581611590	-0.0659766264759635	0	0
1.34211884936611	-0.225814718710483	0.0694125189381393	1.45979652992532	0	0	1.33720181407049	0.232297786170688	0.00926403421515715	-1.45739190895970	0	0	0	-0.0186308821363470	0.0963026146289046	0.0988068393942889	0	0	0	-0.0242293692462013	-0.0557509729402301	-0.0659755495359841	0	0
1.34225912542896	-0.225822217025486	0.0694057847322671	1.45980093201539	0	0	1.33805822089173	0.231446308359273	0.00930597730671073	-1.45748525808486	0	0	0	-0.0175975518012780	0.0972380926120622	0.0953539849325470	0	0	0	-0.0247153011866416	-0.0554815381698526	-0.0659766264759635	0	0
1.34225912542896	-0.225822217025486	0.0694057847322671	1.45980093201539	0	0	1.33815027807919	0.231451449820731	0.00926305917710315	-1.45696578652125	0	0	0	-0.0177260002725321	0.0979500511887663	0.0953539849325470	0	0	0	-0.0247153011866416	-0.0554815381698526	-0.0615896945505530	0	0
1.34211884936611	-0.225814718710483	0.0694057847322671	1.45979175051080	0	0	1.34173502759962	0.227847217892983	0.00926305917710315	-1.45696981257576	0	0	0	-0.0178126742131602	0.0984304909297814	0.0957690755731827	0	0	0	-0.0253789457177808	-0.0556146736682390	-0.0659776236896351	0	0
1.34211884936611	-0.225814718710483	0.0694057847322671	1.45979175051080	0	0	1.34532516722062	0.224236951600351	0.0138969986741128	-1.45685934703283	0	0	0	-0.0172407169505485	0.0986735460572291	0.0961851529057498	0	0	0	-0.0254403274954569	-0.0557492942281545	-0.0659785411661505	0	0
1.34211884936611	-0.225814718710483	0.0694057847322671	1.45979175051080	0	0	1.34532516722062	0.224236951600351	0.0138969986741128	-1.45685934703283	0	0	0	-0.0172872357576722	0.0964593151405580	0.0961851529057498	0	0	0	-0.0261758673970271	-0.0535887450801701	-0.0703639508939368	0	0
1.33752810513865	-0.230291244228088	0.0690944031019064	1.45972710239050	0	0	1.34982694389391	0.219816880271222	0.0231613902615653	-1.45620772284951	0	0	0	-0.0173298298392515	0.0966977003720906	0.0957690755731827	0	0	0	-0.0257585546058429	-0.0515342199672519	-0.0744192332340460	0	0
1.33738266261676	-0.230283140038018	0.0691009554141302	1.45972307758939	0	0	1.34714886596798	0.222610257990512	0.0232663287679251	-1.45630498516419	0	0	0	-0.0180170594846660	0.103476782288655	0.0838673846854181	0	0	0	-0.0258819788568180	-0.0542494593147401	-0.0697522790220106	0	0
1.33708106308973	-0.230266318881782	0.0737052257282602	1.45983853835397	0	0	1.35000183272039	0.219825654553561	0.0324170577636829	-1.45598651937735	0	0	0	-0.0187994676927251	0.108302167117754	0.0706742244834076	0	0	0	-0.0253909710537044	-0.0545188421175805	-0.0737753666616690	0	0
1.33246022231273	-0.234766005701518	0.0783006605080683	1.46042688727588	0	0	1.35088986551363	0.219026849682835	0.0372156537798690	-1.45597808887181	0	0	0	-0.0191140586335964	0.109101897637672	0.0706742244834076	0	0	0	-0.0248950657532041	-0.0547908974909842	-0.0777620368285878	0	0
1.33214180436827	-0.234747490729244	0.0828935119269424	1.46054020102950	0	0	1.35184156085811	0.218237158532473	0.0370478931738815	-1.45503344271030	0	0	0	-0.0194640979840754	0.110130454716614	0.0618640705805664	0	0	0	-0.0238284530328702	-0.0552044942172591	-0.0813620507203795	0	0
1.33556331651233	-0.231086209838561	0.0920626401194755	1.46074682833372	0	0	1.34827374147859	0.221816900416315	0.0416780341295735	-1.45489891627348	0	0	0	-0.0193272603319652	0.111640799512388	0.0618632778587691	0	0	0	-0.0226914875604428	-0.0529670237476813	-0.0895005667727452	0	0
1.34085608534585	-0.225434258469885	0.0916431957973098	1.46101016755634	0	0	1.34753057857343	0.222629894604904	0.0504651424879257	-1.45403470031230	0	0	0	-0.0197616121118050	0.110884915728716	0.0574552991141909	0	0	0	-0.0215367206347601	-0.0557666919542029	-0.0929483905563402	0	0
1.34429053407245	-0.221728748169108	0.0966378415285566	1.46159542232202	0	0	1.34765735922442	0.222636409361666	0.0547990718112013	-1.45340086112253	0	0	0	-0.0196733039382154	0.110387444569177	0.0574545626275952	0	0	0	-0.0203216156357336	-0.0559097201130112	-0.0925584718706999	0	0
1.34687530203712	-0.218840038708390	0.105294838972612	1.46169375752852	0	0	1.34771518343252	0.222639379514150	0.0590868257646241	-1.45275551984500	0	0	0	-0.0195857766067041	0.109894398382274	0.0486305911002819	0	0	0	-0.0190974829977561	-0.0585955796405903	-0.100497074586558	0	0
1.35331970872509	-0.212194605649030	0.110338376757373	1.46266146044789	0	0	1.34858036072085	0.221832536662378	0.0633395890906129	-1.45166876263841	0	0	0	-0.0193996609097276	0.118953164428261	0.0261926338374460	0	0	0	-0.0172319310610858	-0.0587470894208948	-0.108356722339356	0	0
1.35615434960327	-0.209243406591371	0.114384216688659	1.46265152742497	0	0	1.34863058047916	0.221835095635725	0.0717195782916605	-1.45036605373895	0	0	0	-0.0194879733697419	0.119497188750204	0.0174639745591195	0	0	0	-0.0159914530748952	-0.0640067816466952	-0.112025105195801	0	0
1.35982083697310	-0.205477653279507	0.114896251106727	1.46310604657057	0	0	1.34867709173678	0.221837465134470	0.0672510554853449	-1.45049586796695	0	0	0	-0.0195480741997329	0.112921550914549	0.0130985634993964	0	0	0	-0.0134974652774584	-0.0694692908073592	-0.119261945660496	0	0
1.35594447583026	-0.209233686305062	0.119459658225665	1.46326295421352	0	0	1.35229596789842	0.218259560022098	0.0717195782916606	-1.45041616655348	0	0	0	-0.0189875870076664	0.106062563218383	0.00877081387544652	0	0	0	-0.0115948770161720	-0.0747905721135284	-0.126367937577925	0	0
1.35594447583026	-0.209233686305062	0.124008157138855	1.46337158102461	0	0	1.35595486563068	0.214677457201987	0.0765194972240440	-1.45088416530078	0	0	0	-0.0190010283818310	0.0991922845164598	0.00877081387544652	0	0	0	-0.00968151043353130	-0.0827085302296426	-0.130399991970834	0	0
1.34842122744983	-0.216736485764241	0.124008157138855	1.46347203454727	0	0	1.35598771282886	0.214679019879757	0.0761714668554007	-1.45035635851111	0	0	0	-0.0184335875726177	0.0946078566056556	0.00438542011497834	0	0	0	-0.00646824215895312	-0.0880813296523466	-0.125860153052787	0	0
1.34477063189087	-0.220483597972188	0.133100822791726	1.46376207385240	0	0	1.35960645952162	0.211088899540420	0.0854645076065335	-1.45070512774024	0	0	0	-0.0184414221652747	0.0900183625453904	0	0	0	0	-0.00256689148819988	-0.0899624021242996	-0.127928162915826	0	0
1.33747890304691	-0.227958883874227	0.132497910006589	1.46336780928167	0	0	1.35963206577548	0.211090075796254	0.0899219758216297	-1.45059810625461	0	0	0	-0.0178279651826389	0.0875216020214934	0	0	0	0	0.00191493358051665	-0.0920466796186620	-0.130062643571353	0	0
1.33383824779490	-0.231686881300395	0.137022114143821	1.46355325149411	0	0	1.36248911200261	0.208254576762284	0.107269472226111	-1.45010616733073	0	0	0	-0.0177872084114024	0.0873210280996870	-0.00438542011497834	0	0	0	0.00569714513543658	-0.0989111842560874	-0.119083739573190	0	0
1.33038952930826	-0.235419401305376	0.137022114143821	1.46362151844035	0	0	1.36613601805121	0.204641012938304	0.120507071438669	-1.44984048041285	0	0	0	-0.0177941459549567	0.0827467118199144	0	0	0	0	0.0100721270799197	-0.103421826357639	-0.115343964783563	0	0
1.32312153924458	-0.242842645664934	0.141541254511583	1.46387522067402	0	0	1.37559535010800	0.195200976686894	0.137484093371167	-1.44998062818214	0	0	0	-0.0177535269963036	0.0825574137937981	0	0	0	0	0.0125205715148033	-0.107883251836538	-0.112047981138911	0	0
1.31949416744167	-0.246544108548632	0.151222558878118	1.46470592779856	0	0	1.37778933912589	0.192969428498697	0.149859836498408	-1.45015388933406	0	0	0	-0.0171841487591924	0.0802749358983808	0.00438534368384866	0	0	0	0.0162222347722906	-0.115052128468500	-0.108234055942806	0	0
1.31508016175922	-0.251196072461250	0.160235833490932	1.46547597592813	0	0	1.38069448838942	0.189984087328320	0.176956988212281	-1.45386617619374	0	0	0	-0.0171841487591924	0.0802749358983808	0	0	0	0	0.0180606023086461	-0.129896051941607	-0.0949143636374888	0	0
1.30947293270138	-0.256835190897992	0.174464853597152	1.46730568952972	0	0	1.38503369122521	0.185333355104735	0.195451441489133	-1.45864034026055	0	0	0	-0.0171841487591924	0.0802749358983808	0.00438534368384866	0	0	0	0.0199368215687823	-0.145040375326685	-0.0867011959758554	0	0
1.30362129193807	-0.262535109635263	0.204005064042006	1.47052337610291	0	0	1.38909794357328	0.180513499653776	0.218382865683797	-1.46277185458939	0	0	0	-0.0166554461984136	0.0758802880158787	0.0131553564316659	0	0	0	0.0199405991260347	-0.160198553911537	-0.0823862372816703	0	0
1.28798587777803	-0.277928545422588	0.266548742482332	1.47625404942905	0	0	1.38774196988674	0.180854842996438	0.266740432138041	-1.46968563279153	0	0	0	-0.0173089496084326	0.0762293811193378	0.0261913704439244	0	0	0	0.0179387842433832	-0.174070506411733	-0.0953270705281955	0	0
1.27870959689062	-0.286011291468307	0.381617033619442	1.48477377328357	0	0	1.38011272388249	0.186731911878988	0.306377564126447	-1.47983607300453	0	0	0	-0.0174564766421819	0.0862210334835721	0.0477833310877281	0	0	0	0.0159460276102858	-0.180049798139469	-0.107775209751453	0	0
1.28461889135052	-0.277647776949454	0.536875535540308	1.49552627215937	0	0	1.37893023254492	0.187267654416100	0.376254625513252	-1.49246938563000	0	0	0	-0.0186822254819837	0.100580621623347	0.0607853867027503	0	0	0	0.0114820066267683	-0.179841514803011	-0.103492845887930	0	0
1.28503411975454	-0.274030021080030	0.658282205333779	1.50469858310623	0	0	1.35647112279759	0.209329241244517	0.439001401522260	-1.50862428161253	0	0	0	-0.0187200370337701	0.124333092729699	0.0740886267265593	0	0	0	0.00957508815605048	-0.165928091730782	-0.103495552284342	0	0
1.32107978178424	-0.230772668949048	0.814276940411075	1.51468914370978	0	0	1.35441280094016	0.214151508984361	0.564533624824941	-1.52300964151949	0	0	0	-0.0199047858765399	0.152796879078825	0.0871019799208960	0	0	0	0.0113351261082198	-0.138850623539798	-0.103947169229446	0	0
1.34653013789280	-0.197117027226360	0.937235689933758	1.52377312423751	0	0	1.33577322833671	0.235011591800327	0.605154187316548	-1.53450085828046	0	0	0	-0.0160177657860844	0.153378978941294	0.135489940211674	0	0	0	0.0119327777507652	-0.119609942419171	-0.103502950851326	0	0
1.43341969939123	-0.0660866719827300	1.03869315272537	1.52262519911351	0	0	1.36083589836635	0.209123578458099	0.608592413640911	-1.55190520318807	0	0	0	-0.0129592353361862	0.173656466831650	0.152294837230141	0	0	0	0.0130848512466150	-0.104867927635069	-0.103949545787521	0	0
1.44184411764731	-0.0134623592925400	1.18550452468139	1.53219624203650	0	0	1.36084740243734	0.205392876913875	0.108195802491469	-1.52385421371832	0	0	0	-0.0116429597827249	0.184883534070500	0.166467447275923	0	0	0	0.0136862080139220	-0.100132951323611	-0.0992191831958549	0	0
1.42444430267219	0.0237837240425785	1.31149546188110	1.54319244635426	0	0	1.36617494330178	0.194221938677948	0.0998154404841917	-1.52473303880548	0	0	0	-0.00753374197166890	0.176703788483075	0.197337916833126	0	0	0	0.0147812371316931	-0.0923628279623296	-0.0957554673427113	0	0
1.37627548461874	0.113642587783255	1.45264265337512	1.54971176460848	0	0	1.31623409803524	0.241948104512576	0.291201682793838	-1.53805522747675	0	0	0	-0.00574802421252197	0.166825860396204	0.224110740437013	0	0	0	0.0152969903207407	-0.0942712242117608	-0.0740840097636094	0	0
1.33403216980630	0.162734326537055	1.53105701523119	1.55682362213573	0	0	1.27154864290774	0.284884522822747	0.185795146771400	-1.54472537351422	0	0	0	-0.00704306665222804	0.167249750063893	0.248658230113066	0	0	0	0.0199945121700839	-0.0706228562114874	-0.0566942112466811	0	0
1.27034278719665	0.230452368123267	1.36718782393614	1.56819469886006	0	0	1.16481678629543	0.393990944238957	0.164588477862536	-1.53758222029272	0	0	0	-0.0108878464486039	0.180300990118775	0.259591304758959	0	0	0	0.0253008395121079	-0.0612244418667468	-0.0261880022881053	0	0
1.04105147446350	0.483697126429387	1.22179131933621	1.55966484691300	0	0	1.08690103817492	0.472642062152722	0.134959018781308	-1.53304423492507	0	0	0	-0.0160811232779261	0.165127127707242	0.332158037306718	0	0	0	0.0317286731049197	-0.0399585546465024	-0.00436540857421096	0	0
0.785621211731984	0.751692343409167	1.04257933190963	1.55245529851230	0	0	1.00902126090538	0.551196889054485	0.107202902239281	-1.52939312373957	0	0	0	-0.0221906702155532	0.194668439979446	0.354228899804587	0	0	0	0.0402801793755269	-0.00933794159052099	0.0174594821897340	0	0
0.598587146351144	0.941198723532043	0.933837000243763	1.54690455388883	0	0	0.941540327016006	0.618598794928266	0.107914115452169	-1.52649446166887	0	0	0	-0.0234162926391004	0.174491494748149	0.411197495836371	0	0	0	0.0445714001685897	0	0.0389259513824989	0	0
0.473171042423869	1.06684293896873	0.814539000232594	1.54632951079299	0	0	0.923612830840022	0.636140513510204	0.129203029633487	-1.52460139877216	0	0	0	-0.0244764222812423	0.166970134931763	0.393514547481641	0	0	0	0.0489035173763514	0.0186235630679215	0.0473597546887818	0	0
0.417907372103506	1.12182750921995	0.742160064450286	1.54730341583223	0	0	0.967681469868852	0.591365865087766	0.152072486261793	-1.52217567278067	0	0	0	-0.00607777682769010	0.161148893687456	0.419808338625704	0	0	0	0.0109621354635991	0.0487389204025665	0.0773960058748872	0	0
0.357906560689616	1.18153287579060	0.723426076997329	1.54571694782614	0	0	1.02280449400114	0.534714590668819	0.182238672422587	-1.51992739114470	0	0	0	0.0124631122745445	0.105143429586045	0.471544608956625	0	0	0	-0.0125061503798006	0.0625699407729630	0.106832299833319	0	0
0.372496404491109	1.16600922578221	0.684007288750195	1.55083687658149	0	0	1.08734203430971	0.468121488110291	0.205382827044001	-1.51837381954351	0	0	0	0.0320798620274081	0.0446400209538171	0.497454884503221	0	0	0	-0.0261811157502191	0.0459875490267751	0.157583681451516	0	0
0.352710671359031	1.19159678859846	0.730677917082552	1.54662322264924	0	0	1.13689331364142	0.416627221222120	0.214436039566630	-1.51807240308936	0	0	0	0.0540776997419996	-0.0296215075988236	0.422058477627807	0	0	0	-0.0406598531327520	0.00262249660303800	0.243874504130813	0	0
0.331146198519465	1.21746186282604	0.805313320886809	1.54023732074782	0	0	1.17922370531977	0.372272393686908	0.231024649319801	-1.51803835574716	0	0	0	0.0694524969513244	-0.0793938674188158	0.359919494879169	0	0	0	-0.0506011935364070	-0.0350757162005505	0.281930433463264	0	0
0.318219125906488	1.23242503110745	0.881774304109134	1.53404693056583	0	0	1.17032674781643	0.381846230806322	0.207615283331713	-1.51867047477084	0	0	0	0.0823601784748292	-0.137022799246451	0.281145375620607	0	0	0	-0.0659814180451764	-0.0889540536514384	0.289339435864471	0	0
0.317019126804756	1.23610696189867	1.37509311499182	1.50564010994456	0	0	1.15372935674236	0.401292304452328	0.184605267150364	-1.52003753331039	0	0	0	0.0890726027181569	-0.198988081582477	0.273130296813573	0	0	0	-0.0703296696229757	-0.0891753550129142	0.278427269535545	0	0
0.334839103429596	1.22136490488519	0.904466662068348	1.49171454894750	0	0	1.15026473732477	0.408538349106988	0.171206543577545	-1.52129924328091	0	0	0	0.0847586356749672	-0.280732852396768	0.378239077157065	0	0	0	-0.0175842957752355	0.138294172120473	0.179450315677693	0	0
0.384044258088746	1.17574135031811	0.476009227567454	1.49018091231585	0	0	1.10922004957602	0.452869294422393	0.142779854749917	-1.52261593836894	0	0	0	0.0778891038933056	-0.316499130686779	0.362483404841902	0	0	0	-0.00202218508193159	0.162488774034335	0.265072419896958	0	0
0.554380572981313	1.00966496059290	0.424646089845486	1.57835989891035	0	0	1.09704141797478	0.469535304731059	0.208260332317011	-1.51774594663667	0	0	0	0.0673776547965842	-0.365315126683693	0.172279523728021	0	0	0	0.0100265094893880	0.193715028144309	0.273094283733871	0	0
0.644986800001958	0.920355705861260	0.258606210038420	1.59778960472589	0	0	1.11146628051664	0.456652660795107	0.240978346319824	-1.51478604593151	0	0	0	0.0538787412163359	-0.365191616762751	0.0540626332607434	0	0	0	0.0274266170245077	0.270842383497058	0.285850222485945	0	0
0.702685491755936	0.863010274289534	0.213039628824799	1.62016475314766	0	0	1.12629351820092	0.442720332629403	0.256897702579963	-1.51334272375356	0	0	0	0.0457689630505522	-0.349879138106347	0.0344504586474973	0	0	0	0.0454770116978028	0.225721545768059	0.358594268191115	0	0
0.783165179941535	0.783165179941535	0.205577548001121	1.63721114118379	0	0	1.15458492065450	0.414788821897156	0.266863068757141	-1.51304585638647	0	0	0	0.0418718766085141	-0.353972994265520	0.0185062209390844	0	0	0	-0.00431414931463400	0.291729481992846	0.295829580214464	0	0
0.690562154135063	0.875305744777976	-0.433604658481950	1.67331179550549	0	0	1.18601111215514	0.383587098311203	0.282691220493190	-1.51251646572935	0	0	0	-0.0307175824856318	-0.126110036592121	-0.300210699569025	0	0	0	-0.0129847063693100	0.289690372683906	0.329678556741333	0	0
0.660696887014623	0.905171779689510	-0.151632532033922	1.65717570520010	0	0	1.20942128889521	0.360267423566049	0.282350307113881	-1.51242618721787	0	0	0	-0.0186061320046970	-0.336754720190855	-0.0986953333758746	0	0	0	-0.0169061797549863	0.294772311720193	0.325136042900136	0	0
0.648907555753796	0.917348195300777	-0.0119482092335325	1.64052682197695	0	0	1.21163363816287	0.333046884416062	0.282691220493190	-1.51255578243587	0	0	0	-0.000741836360518919	-0.00296734952457473	-0.494501347221242	0	0	0	-0.0281971591333392	0.295226045094036	0.468995077298223	0	0
0.640223054904628	0.926451483793068	0.453679734644855	1.58965644487842	0	0	1.19965559474765	0.298483095973732	0.282350307113881	-1.51646660306069	0	0	0	0.000729930766698145	0.0935675991822335	-0.533463080493693	0	0	0	0.0239647500768467	0.136208031218352	0.632947034393613	0	0
0.617008605660091	0.950408997016206	-0.599036846955050	1.58010746133590	0	0	1.21255123724627	0.249976251343744	0.274462418307385	-1.51934663129802	0	0	0	-0.0227714543528259	0.188970949268476	-0.571488127518413	0	0	0	0.0305285971125564	0.0869328657448087	0.688183818568704	0	0
0.593431347278312	0.974546735671113	-0.314397451084026	1.55119657194342	0	0	1.23062735898311	0.200037430410890	0.274462418307385	-1.52146632221778	0	0	0	-0.0332138266605150	0.233873699787602	-0.576974318465681	0	0	0	0.0366423093900475	0.0592127735396272	0.702664984744082	0	0
0.613536814636012	0.955236891135626	-0.459612996083806	1.55346570926522	0	0	1.22919639429973	0.188598602381847	0.264808259377911	-1.52295708145268	0	0	0	-0.0543108592411494	0.245302937241118	-0.294145945903942	0	0	0	0.0289422979592720	0.0492149026526169	0.683955754907714	0	0
0.627549709063442	0.941687895672443	-0.537779023499188	1.56031613494832	0	0	1.23735360230464	0.187137004391353	0.264490812337674	-1.52394969368327	0	0	0	-0.0750021976319708	0.218366082244975	-0.0921325421189957	0	0	0	0.0214887656639094	0.0444707500519362	0.679286458230858	0	0
0.628028461091557	0.941547050454530	-0.552397193912233	1.56142481461961	0	0	1.22969125175187	0.216082807822419	0.266539336225966	-1.52528661897485	0	0	0	-0.0827572195201136	0.166088120613143	0.0745455429221888	0	0	0	0.0120048869920175	0.0330186455969665	0.681063697844248	0	0
0.654413165618655	0.915253991188279	-0.549043300849029	1.55805198181183	0	0	1.22176858477683	0.247440563845197	0.266539336225967	-1.52561595750674	0	0	0	-0.0872294170843356	0.140473956682703	0.174438390268053	0	0	0	-0.00300936466670821	0.0421435156481704	-0.308352264376127	0	0
0.631011763418848	0.938358129410632	-0.491532911853533	1.55610379818694	0	0	1.19260822866883	0.299234821175696	0.266539336225966	-1.52580715178838	0	0	0	-0.0875002654992960	0.0914525042033798	0.338915109082396	0	0	0	-0.0216273384602968	0.0836171668245306	-0.499860315592348	0	0
0.624825043323447	0.944046772210736	-0.463703585446654	1.55500517052100	0	0	1.18356211303453	0.319014156777169	0.274462418307385	-1.52574008382498	0	0	0	-0.117605397954803	0.0965038667077497	0.391447538035234	0	0	0	-0.0259257224203366	0.0919704431540659	-0.642692147622790	0	0
0.646273299226759	0.922173811062690	-0.491407690669448	1.55630081916818	0	0	1.19168963882018	0.316573704568279	0.266539336225967	-1.52573507874496	0	0	0	-0.105080604378733	0.137239968724428	0.400544994118950	0	0	0	-0.0407293579437704	0.163601223645410	-0.506405199001127	0	0
0.640745436061002	0.927385288504426	-0.494439847924082	1.55730329237053	0	0	1.19623425799259	0.313682680669263	0.266539336225967	-1.52612747360169	0	0	0	-0.0982682987214209	0.148464825402256	0.394303404764839	0	0	0	-0.0479309549289789	0.172481180873513	-0.471934159518764	0	0
0.628115333907343	0.939762431396226	-0.494815678714702	1.55855902137108	0	0	1.20708627575394	0.302881006991774	0.272685023061268	-1.52564098303013	0	0	0	-0.0923732375584035	0.153589756578518	0.383247610924716	0	0	0	-0.0526606211002814	0.173926365264811	-0.450623324392742	0	0
0.632434630479380	0.935371037698404	-0.494874689853337	1.55834287989999	0	0	1.20168326792317	0.310933940518174	0.266539336225967	-1.52585620136473	0	0	0	-0.0861432618154840	0.132057143648567	0.358385774772691	0	0	0	-0.0547449065436228	0.164898994576818	-0.380222418110379	0	0
0.609309590017759	0.958294434416336	-0.503540920802375	1.56091729110436	0	0	1.20442963406459	0.307770630294593	0.264808259377910	-1.52576711123759	0	0	0	-0.0810746180438612	0.117247982199279	0.327666789117660	0	0	0	-0.0563674151291179	0.169104386309034	-0.311297911605011	0	0
0.591849299570566	0.975258208708390	-0.501186948516136	1.56225472293080	0	0	1.20050559350446	0.312496276906469	0.264808259377910	-1.52570304620605	0	0	0	-0.0769910681609207	0.0966713206686928	0.238019825919183	0	0	0	-0.0588900396101509	0.164387793882713	-0.226571186501464	0	0
0.580427906526344	0.986142014181500	-0.503129773067603	1.56342213496191	0	0	1.20171970319490	0.312648315793118	0.264490812337674	-1.52575409804304	0	0	0	-0.0726966394860712	0.0969955198108018	0.152647892974968	0	0	0	-0.0543164423353245	0.138366368194088	-0.0690850577006375	0	0
0.473401261619941	1.09564788363782	-0.510478678092504	1.57475633714483	0	0	1.21744730281426	0.293652781785359	0.272685023061268	-1.52591325889906	0	0	0	-0.0684313209873402	0.0882460366678141	0.119145692539166	0	0	0	-0.0540769875258455	0.136662216557270	-0.0147531455382313	0	0
0.444012673763302	1.12542469001734	-0.505904203525707	1.57793338738557	0	0	1.22915186492734	0.279260710775302	0.272685023061268	-1.52611145762023	0	0	0	-0.0676548450218122	0.0912771366685145	0.00332224576735603	0	0	0	-0.0946182516650785	0.153496342513430	-0.0317155790253974	0	0
0.440959996071589	1.12863355698524	-0.505904203525707	1.57836389902483	0	0	1.22948122573705	0.277777199000766	0.274462418307386	-1.52622957521418	0	0	0	-0.0661744922090387	0.0852311429585333	-0.00655728086156459	0	0	0	-0.0928898143327035	0.142960121800321	0.00904450530283460	0	0
0.434477875844451	1.13523465523990	-0.507682681784055	1.57938843251218	0	0	1.08406491386230	0.395368728453723	0.272685023061268	-1.52409635408170	0	0	0	-0.0654487727333740	0.0791735500061217	0	0	0	0	-0.0131203922842654	0.0183690551981693	0.255566224567085	0	0
0.415216936023102	1.15446558573294	-0.300432420036303	1.55710052363381	0	0	1.01070720384464	0.442864649155223	0.217576900680223	-1.52440894260430	0	0	0	-0.0654933958039223	0.0700699497199513	0.0161798124450688	0	0	0	0.00345237955826767	0.0193344917099611	0.235430193675098	0	0
0.400667626894367	1.16895261152379	-0.312794521797156	1.55999336667144	0	0	1.00583455365185	0.430512117383582	0.219062549885524	-1.52479460402206	0	0	0	-0.0662797983544127	0.0639911072639596	0.0386902469662442	0	0	0	0.0220171670499588	0	0.298234316234509	0	0
0.400645936273966	1.16883213009496	-1.00924075880390	1.65919842452560	0	0	1.00862546555524	0.412085049533592	0.219321096264095	-1.52486405238013	0	0	0	-0.0678240538359760	0.0579051295600817	0.0706210886174153	0	0	0	0.0296615017404295	0.0100962234531858	0.312895166432611	0	0
0.404673046118440	1.16471521597353	-0.838040728939383	1.66683752966049	0	0	1.02123967850679	0.385064366010234	0.200364197096814	-1.52498380335272	0	0	0	-0.0685955394709840	0.0548609214497671	0.102530956936861	0	0	0	0.0279295608995808	0.0558809383352851	0.282775177407278	0	0
0.410140212590456	1.15898589820505	-0.814084660999588	1.67968336710002	0	0	1.04090657107456	0.365481241060039	0.175682472629730	-1.52586120641746	0	0	0	-0.0678117678954543	0.0609454147283850	0.134232625015534	0	0	0	0.0261098833508350	0.102232297337671	0.254869979132110	0	0
0.419009536039167	1.15002047301050	-0.774486235865726	1.67375023219629	0	0	1.06575487400178	0.332324256534926	0.164540775326995	-1.52577361783201	0	0	0	-0.0677853285303371	0.0670225466239190	0.159402549822000	0	0	0	0.0238763009647428	0.140209370880354	0.238608359640531	0	0
0.432847145353078	1.13617865576702	-0.757232336868877	1.66860130794684	0	0	1.09479867509540	0.284217676908606	0.170914255245905	-1.52605865485006	0	0	0	-0.0654327065000379	0.0822052382758209	0.194284454056210	0	0	0	0.0235265668937588	0.186987861529271	0.182261182119090	0	0
0.450263043739913	1.11899483469131	-0.722032665625992	1.65795563940903	0	0	1.11584235307791	0.240407725222442	0.175782292830586	-1.52596944040732	0	0	0	-0.0545224448811111	0.151960379360979	0.222766950104254	0	0	0	0.0221677735436492	0.231683729732468	0.149064867138650	0	0
0.473399465680540	1.09644523349694	-0.523055606683233	1.63254556062180	0	0	1.13222464192088	0.188816338232808	0.213805979407607	-1.52608893512688	0	0	0	0.0238098755688222	-0.0744676378651703	0.469719198672501	0	0	0	-0.0814109534021666	-0.179874724359205	0.938463878212622	0	0
0.486519255773423	1.08341572314619	-0.628861635344272	1.63081159780201	0	0	1.13442871752170	0.165013434100486	0.210687598865784	-1.52648019766900	0	0	0	0.0611334338905969	-0.0766281946428749	0.561549238806197	0	0	0	-0.0978711442813299	-0.207195023792140	1.09928502409625	0	0
0.461807571963689	1.10782046383367	-0.996071929890701	1.64259951013619	0	0	1.13107126590437	0.145524105627192	0.209397245893810	-1.52715497513015	0	0	0	0.0711365309164049	-0.127996894394741	0.627943069173314	0	0	0	-0.105171378453809	-0.240330953682433	1.19277919338633	0	0
0.455402885112847	1.11380286806216	-1.13527074612607	1.65341528607619	0	0	1.18105182732486	0.141112064996207	0.240618632440403	-1.51734262490324	0	0	0	0.0755688131718052	-0.0901375540207381	0.636056186714305	0	0	0	-0.100237216082419	-0.206092224629289	1.19058048127107	0	0
0.452300161141734	1.11644316494984	-1.19728728536472	1.66258616647179	0	0	1.20787102678974	0.110517586917917	0.233293180772286	-1.51411735975529	0	0	0	0.0751000870277786	-0.0846001372054626	0.640080178235588	0	0	0	-0.0974863781256751	-0.192474620085204	1.18768934412762	0	0
0.458479467775684	1.10983431968763	-1.21120117112555	1.66790362235038	0	0	1.22508518498401	0.0672531652868118	0.224424867986411	-1.51296559740114	0	0	0	0.0730029093517814	-0.0700779030606569	0.621840615097594	0	0	0	-0.0958601496484763	-0.196038424489501	1.13923497723581	0	0
0.467730560643389	1.10024622381642	-1.21193719116780	1.67207060764203	0	0	1.23350172727643	0.0357133967487701	0.209205484280449	-1.51183316698051	0	0	0	0.0714982079775117	-0.0589515062859353	0.587337505661258	0	0	0	-0.0905624280583168	-0.188694304057829	1.09971285577929	0	0
0.476908713319946	1.09082359825957	-1.20870778572462	1.67444732337197	0	0	1.24158958544147	0.0150211854483359	0.189943767215528	-1.51100145112730	0	0	0	0.0732177526791197	-0.0502672265161185	0.544676075833795	0	0	0	-0.0832934490383888	-0.166039475673652	1.05206687669020	0	0
0.486017811408911	1.08157227605944	-1.19975765960423	1.67531351108599	0	0	1.24747591497515	0	0.175849864459519	-1.51026136202065	0	0	0	0.0756512536551474	-0.0504074201907693	0.516500720391432	0	0	0	-0.0838470461541953	-0.175576844054244	0.932166094000329	0	0
0.492048339926445	1.07548214275085	-1.18887345285670	1.67689665663071	0	0	1.25162192336885	-0.00983948311662454	0.169337566498625	-1.50982756173076	0	0	0	0.0805820508898833	-0.0447342906283842	0.486311648509782	0	0	0	-0.0814883370605102	-0.173382940811145	0.883525253783726	0	0
0.498039056284174	1.06943180332943	-1.18588371528293	1.67792562413052	0	0	1.28370153674983	0.207290474012899	0.225738334031773	-1.49494436174248	0	0	0	0.0985810861201438	0.0606041633006959	0.460607004081690	0	0	0	-0.0825783538665850	-0.137910970973454	0.755900488776554	0	0
0.502619495686632	1.06464552320214	-1.18248643825606	1.67797138659215	0	0	1.25224431914259	0.280338877933088	0.267348373719514	-1.48475068789880	0	0	0	0.117201728891577	0.151360071197772	0.442348082507453	0	0	0	-0.0741373834401432	-0.0834249091728260	0.640763637057847	0	0
0.511890609534764	1.05528605955216	-1.18003588718353	1.67783409988279	0	0	1.21153277535755	0.338260157815541	0.300515031629394	-1.47794873278386	0	0	0	0.0990632269050263	0.145467034734133	0.425447436256087	0	0	0	-0.0684210967937898	-0.0837477840688062	0.601754920476263	0	0
0.510194445209802	1.05688508355298	-1.18735060174325	1.67925559361045	0	0	1.19951147544031	0.354261177125929	0.311971182838694	-1.47534683402061	0	0	0	0.0966776073691272	0.154453400180197	0.413316326259138	0	0	0	-0.0652398382902396	-0.0925584277252812	0.576364312619461	0	0
0.514817322313230	1.05216070599301	-1.18494511675294	1.68067064219907	0	0	1.33187561442868	0.210258563821134	0.322086285421503	-1.49996561549223	0	0	0	0.0544802234232482	0.191759531928030	0.402503285099224	0	0	0	-0.00144924999584629	0.00579703042281088	0.573614742038026	0	0
0.517788390862490	1.04921579591947	-1.18113002860316	1.68243860047217	0	0	1.37367610222516	0.163536028381191	0.336037195726039	-1.51194398419967	0	0	0	0.0302958807658604	0.199831655193477	0.396306786262234	0	0	0	0.0313620006981928	0.0533987518763471	0.561450531351309	0	0
0.844415509618754	0.697389647919223	-0.134380556970762	1.62781396593708	0	0	1.37957138586569	0.155011629413937	0.326311882562329	-1.52025681451577	0	0	0	0.0149958767260616	0.201294162295233	0.386927103261158	0	0	0	0.0427016478664079	0.0776939078379896	0.541016681777300	0	0
0.965690628015186	0.553790872071321	0.0243730747827940	1.63151650686331	0	0	1.36130119090981	0.185281202283766	0.343796809039330	-1.55167616182228	0	0	0	0.00708558078880372	0.126588932401390	0.389684690208400	0	0	0	0.0246331305744433	0.0281530210672370	0.523739566217789	0	0
1.04874874762178	0.441684588100325	0.00910843554245415	1.63681802962702	0	0	1.34927804131526	0.197324600185850	0.295697133927828	-1.56031138468733	0	0	0	0.00904896904876466	0.0958057197597527	0.351910957840991	0	0	0	0.0177956513856568	0.0313238154895093	0.511517944749559	0	0
1.09620039792868	0.363760290644443	-0.342108268615147	1.63546576844415	0	0	1.35881753903276	0.161909191577009	0.396278176090536	-1.55949308610664	0	0	0	0.0240927808589514	0.0508795662868645	0.337402018359205	0	0	0	-0.000721216070060760	0.0606192640318118	0.454436039629815	0	0
1.12024375244230	0.317899228252087	-0.536455133861728	1.63349539887756	0	0	1.34685598117970	0.140552829294809	0.468962648139807	-1.55692888233367	0	0	0	0.0291928813329561	0.0271556490936664	0.348272807924272	0	0	0	-0.0108335191481292	0.0809771636275825	0.421193247943934	0	0
1.13184436773177	0.297790704910731	-0.733716829491257	1.63046122066596	0	0	1.34416995029240	0.124961355818330	0.490085088890118	-1.55557823940842	0	0	0	0.0320884940618620	0.0163835351028328	0.264843853768786	0	0	0	-0.0178914953147645	0.0859804939151301	0.412394625987771	0	0
1.13286564006036	0.297937711323887	-0.789093323955838	1.62872572141182	0	0	1.32618258852969	0.160556524955476	0.455240418300707	-1.55391352479162	0	0	0	0.0327707443660930	0.0163831724596175	0.231856176090282	0	0	0	-0.0226413081263696	0.0849999686270236	0.144807118537250	0	0
1.12764721177392	0.308046689735096	-0.844194662675373	1.62898966618268	0	0	1.32341670527501	0.167765183864630	0.426273192281288	-1.55205622992121	0	0	0	0.0335388647276248	0.0246386720792607	0.216599363896064	0	0	0	-0.0265229514283457	0.0782435552289735	0.0772622914637628	0	0
1.31560836993606	-0.00597297296836345	-0.512374697492817	1.62554817822772	0	0	1.31431409499712	0.181700376609422	0.388098262409676	-1.55065721547294	0	0	0	0.0309612792704672	0.0826442667595781	0.173617407224948	0	0	0	-0.0289390753487882	0.0634240210698153	0.0199086232266168	0	0
1.31168594267430	-0.131153446589600	-0.310774602346340	1.63048751747970	0	0	1.31876409820303	0.174567071368587	0.377020585002881	-1.54934468158780	0	0	0	0.0302670283171330	0.113036809546753	0.182616623328073	0	0	0	-0.0305285971125562	0.0461413077078554	0.0134970612904502	0	0
1.29961988044230	-0.171509022535066	-0.223339804104491	1.63514973605108	0	0	1.31915849576128	0.173631640224976	0.368912836359200	-1.54843908931190	0	0	0	0.0301848692731458	0.134847760197409	0.212620759566229	0	0	0	-0.0308079504686420	0.0294680776834291	0.00681832902317833	0	0
1.29915189417900	-0.179558376785503	-0.181461801199746	1.63891499474675	0	0	1.33183290171412	0.152897366252199	-0.863031288873369	-1.56461453742262	0	0	0	0.0293627047398839	0.148015055603330	0.233636770249100	0	0	0	-0.0311552703895429	0.0106045325386783	0.00686615689214867	0	0
1.31396707518077	-0.157345697158156	-0.171455742702444	1.64167816639154	0	0	1.33525990306279	0.151375798593986	-1.16509205691073	-1.57166857690550	0	0	0	0.0286802299894636	0.148018009709515	0.239218557473123	0	0	0	-0.0309909865061230	-0.0105486299810312	0.0208931733602893	0	0
1.31899724867319	-0.138003789503683	-0.187015014464431	1.64190899791359	0	0	1.33507039589201	0.155790875756330	-1.20980935325019	-1.57429958396069	0	0	0	0.0265818230138779	0.142232101441953	0.233949580757079	0	0	0	-0.0295765640940693	-0.0368093366661528	0.0315608733562899	0	0
1.32234206838921	-0.107908596004371	-0.216540125900709	1.64109120465831	0	0	1.33622337250007	0.151410999415675	-1.21915642935320	-1.57374033104759	0	0	0	0.0252745412365725	0.126009435350954	0.222421723946481	0	0	0	-0.0288154011367300	-0.0576547633192265	0.0316746335543981	0	0
1.32323499392840	-0.0639036142369053	-0.248209996482732	1.64008262435326	0	0	1.33170138737134	0.160896144529642	-1.21289168518169	-1.57334345454913	0	0	0	0.0238900747108846	0.109419591584107	0.194315730057231	0	0	0	-0.0273780744590916	-0.0861411204627201	0.0281576309736539	0	0
1.31465744804997	-0.0358363881631166	-0.272994070349841	1.63789065464940	0	0	1.33043657386953	0.158158935803115	-1.34704977332485	-1.60904965557108	0	0	0	0.0231831356660886	0.0928576234648238	0.158257163290907	0	0	0	-0.0266577461601634	-0.112053595007405	0.0175390851058531	0	0
1.30775101376766	-0.0122231221792415	-0.292098631033240	1.63643520040472	0	0	1.34979200504718	0.116923355603823	-1.32462203730456	-1.61182483663863	0	0	0	0.0225373352971888	0.0738193336025805	0.114380192732664	0	0	0	-0.0258574386399039	-0.137461650813560	0.00352045210391517	0	0
1.29851034099985	0	-0.305077058262835	1.63420130160588	0	0	1.35422240411229	0.102134334731746	-1.31201269408588	-1.61182758895500	0	0	0	0.0212009906044249	0.0519961547564081	0.0737578539384124	0	0	0	-0.0265583226293393	-0.158701165796804	-0.0174765649929552	0	0
1.23352975336630	-0.197364580066157	-0.255101456259563	1.63081259960567	0	0	1.36240061317250	0.0703272014286419	-1.30632020765589	-1.60807496052630	0	0	0	0.0192740464114307	0.0275361269561659	0.0317762306840358	0	0	0	-0.0272240535905542	-0.185119221345769	-0.0382965696697584	0	0
1.17984413837438	-0.293099393528784	-0.177480305826722	1.63398286418283	0	0	1.36333698829853	0.0807380220879165	-1.30720924251238	-1.60931247416496	0	0	0	0.0173102275204091	0.0110782189493594	-0.00668616234705190	0	0	0	-0.0260484101604634	-0.188644224618314	-0.0767400954227454	0	0
1.02828127669456	-0.471329545119284	-0.0448639033684102	1.63018485617061	0	0	1.35197868953513	0.116980781603345	-1.30943935066880	-1.61425100147748	0	0	0	0.0139647009042054	-0.0111716299990687	-0.0354571946629835	0	0	0	-0.0236869175371313	-0.190630102499201	-0.112146987686990	0	0
1.04049434786189	-0.464922197443899	-0.0296206701494380	1.63247104377302	0	0	1.33907507695602	0.143307179060549	-1.29983982265840	-1.61752933555097	0	0	0	0.00985566895069496	-0.0253454519830639	-0.0724080971799532	0	0	0	-0.0224993603514193	-0.202535633373886	-0.132258356753599	0	0
1.47931295023493	-0.0858109475157548	-0.327154784963254	1.67565148636529	0	0	1.31727452569798	0.184181335583133	-1.27991317678079	-1.62245279700597	0	0	0	0.00570898309482855	-0.0428302342601781	-0.104850722584764	0	0	0	-0.0181984090179899	-0.206350601963736	-0.166302920503250	0	0
1.51042612021477	-0.0603039105633142	-0.379652583297865	1.67598972505605	0	0	1.39936215930739	0.131433307964826	-1.19684662538156	-1.62713863141833	0	0	0	0.00216364520905098	-0.0606191377524348	-0.128097233457395	0	0	0	-0.0130830643365875	-0.210882629781489	-0.206661868374534	0	0
1.52967944401915	0.0223710036879318	-0.427344319811160	1.68043811801435	0	0	1.42975685118399	0.109171848292392	-1.19012791916620	-1.62744649761636	0	0	0	-0.00145289200367871	-0.0814519581468996	-0.151695777483716	0	0	0	-0.00350975409264372	-0.200698259571787	-0.244018547345545	0	0
1.49250541983574	0.0588937785457058	-0.451628330317953	1.68376143366906	0	0	1.41619925523231	0.136222505392403	-1.17997818416568	-1.63278076059334	0	0	0	-0.00512294024675374	-0.0967544829362446	-0.174983727549633	0	0	0	0.00499023193069403	-0.209696539574104	-0.274013202698264	0	0
1.48421702134943	0.0634745398207872	-0.467607690292136	1.68026495487130	0	0	1.50350187092778	0.0618461096993178	-1.10981394451132	-1.63482907559554	0	0	0	-0.00952068370127099	-0.117445686820854	-0.196175291112156	0	0	0	0.0136584485583198	-0.211474993604764	-0.302866180653637	0	0
1.48599356344764	0.0579630557686575	-0.473794952371493	1.67470722173260	0	0	1.50975307639283	0.0602689112668341	-1.09532546450157	-1.63821426127399	0	0	0	-0.0110387081092515	-0.147716398524318	-0.210840882552611	0	0	0	0.0216147754651389	-0.200174603113050	-0.343482421672470	0	0
1.49673819541432	0.0442476969099760	-0.469882564920728	1.66788516038874	0	0	1.50813103936246	0.0363002325006887	-1.12802497282559	-1.62724730419387	0	0	0	-0.0102085440971969	-0.184800670959278	-0.224496459178134	0	0	0	0.0298770263889389	-0.174428638763082	-0.376759767355466	0	0
1.49798669415227	0.0577300270103991	-0.461534440310803	1.66608207550846	0	0	1.48069859191350	0.0824351558603925	-1.08837135589309	-1.64915010025543	0	0	0	-0.00993636098718704	-0.202953271832449	-0.236327170686711	0	0	0	0.0369529019884801	-0.122507215847574	-0.379339772284705	0	0
1.50942889704003	0.0505591378614190	-0.453116287527870	1.66371246626570	0	0	1.46661852077066	0.0971849505673378	-1.11473629697646	-1.64527178021073	0	0	0	-0.00834022201100149	-0.207202546016661	-0.247763589910919	0	0	0	0.0416389284966673	-0.0762723186684764	-0.378250644175145	0	0
1.52628442523379	0.0340153935330229	-0.456182715205937	1.65202750637713	0	0	1.44524645847276	0.120171275815827	-1.13167516206343	-1.64459955856329	0	0	0	-0.00759999034991032	-0.194679844781131	-0.250843101792683	0	0	0	0.0424340502744631	-0.0396035806959801	-0.269870569417794	0	0
1.53757345054527	0.0212664576685909	-0.441262322400142	1.64776329524318	0	0	1.49546006000932	0.0607012132652377	-1.02931498974166	-1.65455322125451	0	0	0	-0.00572474780706407	-0.158087358809712	-0.256253214861239	0	0	0	0.0418728334191632	-0.0170288629911171	-0.218505164054289	0	0
1.54679217216763	0.00854465024974063	-0.419246274554509	1.64460031061055	0	0	1.49843469311667	0.0564856764343213	-1.01193354812804	-1.65732626753201	0	0	0	-0.00294984395124446	-0.133135744857048	-0.217617752805688	0	0	0	0.0360012437691283	-0.00282302080589340	-0.0371934280746245	0	0
1.55118279019431	-0.00425451351913782	-0.390574571177588	1.64350888314376	0	0	1.52119395362474	0.00783357074089400	-1.04132643033566	-1.64463440346363	0	0	0	0.0365994888395566	-0.187095497488111	-0.192948576788714	0	0	0	0.0310603549787908	0.0141165420251003	0.0463086568418433	0	0
1.55081144079453	-0.00850904147916786	-0.442215699354205	1.64281707243753	0	0	1.50985434118338	-0.0254100262624083	-0.975138489927384	-1.65404683178132	0	0	0	0.0798452072516902	-0.187466948808893	-0.230825306332076	0	0	0	0.0189874075846679	0.0506517004045911	0.166621355372628	0	0
1.55271319173012	-0.00850934953930957	-0.472289705677664	1.64319869198680	0	0	1.51331027326226	-0.0176395743306600	-0.957382638638747	-1.65930785236151	0	0	0	0.103849552215559	-0.192565725527573	-0.242876700195329	0	0	0	0.0125826263385577	0.0587511662341029	0.229575246594056	0	0
1.55036366788551	-0.0127636392393634	-0.475969302270429	1.64348644888189	0	0	1.51950849875073	-0.00346766343439359	-0.960625821049252	-1.66158487207496	0	0	0	0.119291941546172	-0.190929355410018	-0.355626668708355	0	0	0	0.0185458479699574	0.140258567193185	0.169642356020274	0	0
1.55126587722314	-0.0127097822707492	-0.479716367354487	1.64516962241588	0	0	1.51043392359533	-0.0306655864911843	-0.933237620577931	-1.65986190986471	0	0	0	0.129106247347322	-0.197624390414602	-0.371784255204618	0	0	0	0.0157693385259629	0.146744816542190	0.169169023582567	0	0
1.55523741644012	-0.0124469474815890	-0.509686935955401	1.64279664449570	0	0	1.51545612044704	-0.0270804385055924	-0.931083126410284	-1.66034596395796	0	0	0	0.0745732749838671	-0.270302498131112	-0.412188449999339	0	0	0	0.0150083718247930	0.126113761557687	0.119358923136834	0	0
1.55650466205735	-0.0123447317591258	-0.563186867818990	1.64087780422783	0	0	1.52169667162171	-0.0236223454527097	-0.920893704206770	-1.66165842524532	0	0	0	0.0709412379137913	-0.287470042384807	-0.446054135258747	0	0	0	0.0151547529757250	0.157240267224625	-0.0109584654285809	0	0
1.55239455251171	-0.0164588614803651	-0.653701879276020	1.63525495420527	0	0	1.52334409138371	-0.0270914318907187	-0.903201081960037	-1.66156692316789	0	0	0	0.0468442994604686	-0.329461108306763	-0.483391462170133	0	0	0	0.0142945904040472	0.165131649785835	-0.106473871485896	0	0
1.54788980149885	-0.0204878606727881	-0.739869053988358	1.63082737621656	0	0	1.50226497921881	-0.0575235660246750	-0.851537398166594	-1.66572935639630	0	0	0	0.0376443044970852	-0.343333463289463	-0.503178029536836	0	0	0	0.0106698749659077	0.149936570765413	-0.158356265588794	0	0
1.54331061131410	-0.0245833520677962	-0.830089380384801	1.62701343319382	0	0	1.51072267779027	-0.0511244583348317	-0.838324192164461	-1.66755385544870	0	0	0	0.0605397225407145	-0.333892701089160	-0.486153707904372	0	0	0	0.000588301999267841	0.117933579526543	0.0442281329520437	0	0
1.54168732554794	-0.0246834042520828	-0.875770989994871	1.62714889771193	0	0	1.49271117321683	-0.0717602404448778	-0.814188875495650	-1.66739398390603	0	0	0	0.0633435945572171	-0.318606255800705	-0.484646758163655	0	0	0	-0.119157925754935	-0.229422544476403	-0.00829811824381143	0	0
1.54054744662533	-0.0246825688017740	-0.869628637841799	1.62862304949100	0	0	1.51342609862496	-0.0513078566028109	-0.726982690770700	-1.67229727163527	0	0	0	0.106668238185208	-0.175110765092999	-0.597364016853585	0	0	0	-0.151987259668682	-0.307635047688000	0.0249947393995116	0	0
1.53642285247785	-0.0289125611981188	-0.840556137902718	1.63616963082179	0	0	1.50791776329800	-0.0581368689043688	-0.683149833025465	-1.67139290837207	0	0	0	0.135324667416617	-0.102428118337731	-0.642844890201781	0	0	0	-0.173989112718179	-0.370796117757222	0.0158715580482412	0	0
1.53511717866525	-0.0290312353495071	-0.825987218993489	1.63783803635206	0	0	1.52503850121421	-0.0409241851397091	-0.659771026628833	-1.67276594494855	0	0	0	0.143947431258903	-0.0972143062560459	-0.648619880338898	0	0	0	-0.160715604699260	-0.308872841381255	-0.0335971644344996	0	0
1.53570922978550	-0.0290318439450607	-0.803745900583409	1.63978917324227	0	0	1.50534999874620	-0.0615507223220291	-0.621139394715077	-1.66938118985163	0	0	0	0.145553327585229	-0.111691334622500	-0.651206435747997	0	0	0	-0.164152624828031	-0.317272942440833	0	0	0
1.53496864247014	-0.0291520781100856	-0.791378289915849	1.63815024097527	0	0	1.51558040054604	-0.0509647122240633	-0.641097063575238	-1.66957500779485	0	0	0	0.145357660229615	-0.102751314804951	-0.590929020512140	0	0	0	-0.155585089090161	-0.261868602980272	0.0597511589029198	0	0
1.53221010662198	-0.0331763975675107	-0.787522172241125	1.63628212152376	0	0	1.48489664788365	-0.0819805291025575	-0.649353940541051	-1.66636473653497	0	0	0	0.115939011181732	-0.175510162279579	-0.557029771508336	0	0	0	-0.153573528597846	-0.281844988724059	0.0302873613463087	0	0
1.53204949124017	-0.0333144765367183	-0.797318864131712	1.63410310459197	0	0	1.49163395764816	-0.0751773077736357	-0.662921284123200	-1.66569306806115	0	0	0	0.0835592046113279	-0.197298386225185	-0.509058146446858	0	0	0	-0.151460671278724	-0.293561514667511	0.0475730619109209	0	0
1.53496864247014	-0.0291520781100856	-0.814135901829794	1.63201155163915	0	0	1.49539788078667	-0.0717750923349381	-0.669884067185432	-1.66538493617127	0	0	0	0.0714132208583781	-0.224565345727828	-0.465747453447441	0	0	0	-0.150841329478848	-0.296268237698131	0.0562059006695294	0	0
1.53204949124017	-0.0333144765367183	-0.817456844650189	1.63030932606870	0	0	1.24805311005047	-0.320338774237916	-0.531787020914527	-1.64590567737473	0	0	0	0.0669547503132999	-0.204819460076369	-0.532304827518441	0	0	0	-0.151422468175104	-0.321568546570817	0.0648330863300950	0	0
1.53570922978550	-0.0290318439450608	-0.824254063141772	1.62988770992356	0	0	1.14591944898260	-0.422443395831422	-0.515749579851918	-1.63593149900470	0	0	0	-0.0255317161119621	0.00537454004615440	-0.748229720307600	0	0	0	-0.0375578391451179	-0.0631242499663667	-0.0280278119056087	0	0
1.53613663526055	-0.0291532789993061	-0.831560672881310	1.62866086273714	0	0	1.08643260656666	-0.482004753203542	-0.477913815675633	-1.63281532701240	0	0	0	-0.0490354652171080	0.0774708649713563	-0.836520481218854	0	0	0	-0.00443752996311583	0.0118336505845719	0.00934402341864269	0	0
1.53613663526055	-0.0291532789993061	-0.831559343079126	1.62819634149766	0	0	1.06035286984572	-0.508026147604262	-0.456586794027634	-1.63192764469109	0	0	0	-0.0703104279659798	0.133234951155519	-0.516956309633126	0	0	0	0.0109246659640216	0.0378804806778713	0.492679579235164	0	0
1.53570922978550	-0.0290318439450607	-0.835144227415727	1.62797760762925	0	0	1.06299900410153	-0.505382582936596	-0.456644619415815	-1.63099868568130	0	0	0	-0.0741592526998305	0.148730324722441	-0.449886870164367	0	0	0	0.0131107606052016	0.0349681525822498	0.523299352885857	0	0
1.53570922978550	-0.0290318439450608	-0.831550698915386	1.62799163055399	0	0	1.07499559838856	-0.493401412679945	-0.484541584188308	-1.62884592346189	0	0	0	-0.0705261426874359	0.163921454816907	-0.487791986379553	0	0	0	0.0153835049694858	0.0381002032703006	0.602563684816776	0	0
1.53556315425702	-0.0291526943373320	-0.835144227415727	1.62773320988896	0	0	1.09260717640524	-0.475860933120707	-0.523218449185162	-1.62593989442617	0	0	0	-0.0690628982483950	0.176798435136211	-0.305380182990064	0	0	0	0.0152970641880305	0.0320552310355161	0.659190582648496	0	0
1.53570922978550	-0.0290318439450608	-0.827726024318845	1.62847442670591	0	0	1.11989345898731	-0.448386677235806	-0.553708204651121	-1.62444230430435	0	0	0	-0.0644692355569957	0.180134304190845	-0.222960270278397	0	0	0	0.00583083770894957	0	0.703593344703921	0	0
1.53628033697369	-0.0290324213659683	-0.831559343079126	1.62844274905742	0	0	1.14413172334800	-0.424130621688916	-0.572458396241045	-1.62486767110093	0	0	0	-0.0651073297963905	0.161440138709249	-0.170606654441785	0	0	0	-0.00146148129769486	-0.0263096891486169	0.723773803598027	0	0
1.53628033697369	-0.0290324213659683	-0.831559343079126	1.62844274905742	0	0	1.16486249919214	-0.403402512407235	-0.574932464246000	-1.62589933281698	0	0	0	-0.0570575320711859	0.0802994761243018	-0.0853874751027738	0	0	0	-0.00218168605858543	-0.0669550010770021	0.722841601309229	0	0
1.53570922978550	-0.0290318439450608	-0.827758427676664	1.62894083359041	0	0	1.18889890604622	-0.379387312339627	-0.569619773431286	-1.62896111788111	0	0	0	-0.0604579191748782	0.0754354709144552	-0.0408970670706501	0	0	0	-0.00437709539009544	-0.0993773373154644	0.721657247441074	0	0
1.53628033697369	-0.0290324213659683	-0.831328703713885	1.62891153410168	0	0	1.18705647682778	-0.381694395702125	-0.519739197530334	-1.63649107082169	0	0	0	-0.0610654428261909	0.0814600585545373	-0.00668548991601443	0	0	0	-0.00653649068222539	-0.113542168766598	0.729384301586004	0	0
1.53613663526055	-0.0291532789993061	-0.827990543900673	1.62867488621371	0	0	1.20733145907411	-0.361253256252720	-0.513259430401818	-1.63944611112605	0	0	0	-0.0630408539960120	0.108971895798042	0.00331022555141888	0	0	0	-0.0116311181986689	-0.104869818659984	0.722052402239999	0	0
1.53570922978550	-0.0290318439450608	-0.827758427676664	1.62894083359041	0	0	1.21624088579275	-0.352125562751744	-0.532054712024283	-1.63993289086793	0	0	0	-0.0682596971015401	0.136840062794294	-0.0259614861609921	0	0	0	-0.0145385289880746	-0.104865814257689	0.719529790367435	0	0
1.53613663526055	-0.0291532789993060	-0.827990543900673	1.62867488621371	0	0	1.22718739946810	-0.340909670700402	-0.557034396242156	-1.63960987278244	0	0	0	-0.0718499913574396	0.141114117271913	-0.0604186755895156	0	0	0	-0.0102518068826940	-0.141061091759252	0.724909792798581	0	0
1.53968603543269	-0.0248867874718634	-0.827783333113831	1.62967258581343	0	0	1.23286338571717	-0.334700045024751	-0.542562287305993	-1.64154370438841	0	0	0	-0.0459807039169210	0.110539785680726	-0.107160105364192	0	0	0	-0.0169043597236912	-0.224443104880646	0.737606253170442	0	0
1.53570922978550	-0.0290318439450607	-0.824210905227003	1.62942127722493	0	0	1.24210427151325	-0.324979670554671	-0.529728537264608	-1.64403102276879	0	0	0	-0.0322329336177956	0.0878811843383910	-0.110988294304780	0	0	0	-0.0200589485693540	-0.251638241654508	0.829063446642767	0	0
1.53628033697369	-0.0290324213659683	-0.827990543900673	1.62892330397577	0	0	1.24291944653509	-0.323725422825538	-0.500537750032578	-1.64638115141751	0	0	0	-0.0256549611726532	0.0810956384334973	0.0654796739829063	0	0	0	-0.0224474221233192	-0.229264224730934	-0.270147373915373	0	0
1.53628033697369	-0.0290324213659683	-0.824210905227003	1.62940612620295	0	0	1.23432808831115	-0.332084980887114	-0.470937623579403	-1.64842527191747	0	0	0	-0.0234410942737396	0.0804488556505718	0.108839665274890	0	0	0	-0.0224143577461286	-0.223171161879404	-0.486295162571189	0	0
1.53628033697369	-0.0290324213659683	-0.824210905227003	1.62940612620295	0	0	1.21751230740839	-0.348905433820346	-0.441702505172146	-1.64974130282967	0	0	0	-0.0223711196731558	0.0684771032177042	0.122713464960625	0	0	0	-0.0159079079509666	-0.228843198173210	-0.602393058022367	0	0
1.53570922978550	-0.0290318439450608	-0.831560672881310	1.62892443087903	0	0	1.20629967283242	-0.360004343036236	-0.470792010098008	-1.64853698383475	0	0	0	-0.0209654328833090	0.0524337652868100	0.123940398847691	0	0	0	0.00344670518906261	-0.265041247644000	-0.633580025456465	0	0
1.53628033697369	-0.0290324213659683	-0.827783333113831	1.62939210212850	0	0	1.19560002384030	-0.370691234804256	-0.444435059304371	-1.64953365781033	0	0	0	-0.0221171129828253	0.0364332758733124	0.0946316224297049	0	0	0	0.0117913235057073	-0.252363023595148	-0.627681012354664	0	0
1.53628033697369	-0.0290324213659683	-0.827990543900673	1.62892330397577	0	0	1.19055062570515	-0.375614052774161	-0.429791335563561	-1.64920489348334	0	0	0	-0.0224879238625211	0.0128495127531105	0.0376527524541490	0	0	0	0.0160811613227926	-0.231380507762947	-0.571877433319368	0	0
1.53570922978550	-0.0290318439450607	-0.823982141181425	1.62942365631225	0	0	1.19055062570515	-0.375614052774161	-0.416632938078138	-1.64897807362012	0	0	0	-0.0269122421337525	0.0179402914339623	-0.0587502085791158	0	0	0	0.0272352622686581	-0.210813661869203	-0.491521524296345	0	0
1.53570922978550	-0.0290318439450607	-0.824210905227003	1.62942127722493	0	0	1.19772003161027	-0.368505157229632	-0.399268690151297	-1.65004550392872	0	0	0	-0.0339255286979951	0.0529153680692030	-0.209004401956566	0	0	0	0.0299367339219291	-0.158352890379770	-0.444380801984065	0	0
1.53628033697369	-0.0290324213659681	-0.827990543900673	1.62892330397577	0	0	1.20138792896056	-0.364945571920772	-0.402847446858407	-1.64923109902354	0	0	0	-0.0332691181659518	0.0305412551618718	-0.294733779744539	0	0	0	0.0338115166722154	-0.132669575758718	-0.405526920553894	0	0
1.53570922978550	-0.0290318439450608	-0.827990543900673	1.62893845457023	0	0	1.20303419565552	-0.363622101120947	-0.397612706354746	-1.64900415331066	0	0	0	-0.0325679268429438	0.0192182012534912	-0.322626872870396	0	0	0	0.0339179686074362	-0.0737875164200469	-0.402662119904115	0	0
1.53628033697369	-0.0290324213659683	-0.827990543900673	1.62892330397577	0	0	1.20101634190183	-0.365846373389072	-0.390495187777009	-1.64910809645316	0	0	0	-0.0326174038746112	0.0126241884525476	-0.329506708077407	0	0	0	0.0331723682658785	-0.00884445790967107	-0.431725538442162	0	0
1.53905340783646	-0.0248862924289879	-0.831328703713885	1.62920728593842	0	0	1.20601940125718	-0.360962042419131	-0.392328567056053	-1.64916564796662	0	0	0	-0.0334961595587452	-0.254585219612885	-0.127131231622121	0	0	0	0.0328374627413966	0.0525546878934734	-0.438636967811955	0	0
1.53892123505776	-0.0249899017378796	-0.831328703713885	1.62895886406984	0	0	1.21087525774574	-0.356080729700989	-0.394084891047398	-1.64919649267565	0	0	0	-0.0402375651469392	-0.296430009565216	-0.122845571958098	0	0	0	0.0332651879206309	0.0955845054312555	-0.433091785443403	0	0
1.53570922978550	-0.0290318439450608	-0.827990543900673	1.62893845457023	0	0	1.21451655562544	-0.352541951101442	-0.384982007872773	-1.64971672630902	0	0	0	-0.0405080942618238	-0.345537357865017	-0.0796597239072655	0	0	0	0.0343660439529550	0.132094388557086	-0.410881935645288	0	0
1.53570922978550	-0.0290318439450608	-0.827990543900673	1.62893845457023	0	0	1.22077313813116	-0.346416564734086	-0.369493276890347	-1.65166807641257	0	0	0	-0.0314845662541018	-0.292623773118984	-0.221075868611075	0	0	0	0.0331364717929613	0.175718653677724	-0.385653579820709	0	0
1.53570922978550	-0.0290318439450605	-0.827990543900673	1.62893845457023	0	0	1.22206225009970	-0.345141860467571	-0.369539694006724	-1.65205572445682	0	0	0	-0.0247669797468699	-0.267326774598661	-0.250225609744941	0	0	0	0.0329432881115458	0.191789650602626	-0.219003579972795	0	0
1.53570922978550	-0.0290318439450608	-0.824210905227003	1.62942127722493	0	0	1.19901890253607	-0.368324534412826	-0.318642485015325	-1.65485177157293	0	0	0	-0.0210000902254862	-0.248057591064722	-0.271084751643895	0	0	0	0.0316123043987176	0.195091712543894	-0.125908726939077	0	0
1.53628033697369	-0.0290324213659683	-0.827990543900673	1.62892330397577	0	0	1.18802468599756	-0.379353379057213	-0.286404594480171	-1.65785613713224	0	0	0	0.00290209139197930	-0.212876108469422	-0.275635861395182	0	0	0	0.0295378232136382	0.189585702662927	0.0158181190573077	0	0
1.53556315425702	-0.0291526943373320	-0.831328703713885	1.62867839208463	0	0	1.18454644487556	-0.382736559144331	-0.275743067475552	-1.65865431285457	0	0	0	0.0177027869656313	-0.191618094192264	-0.274958032208687	0	0	0	0.0275339842658894	0.184583070641337	0.0686256233513765	0	0
1.53570922978550	-0.0290318439450608	-0.824210905227003	1.62942127722493	0	0	1.19275642272989	-0.374601327120870	-0.268487734461927	-1.66050510274266	0	0	0	0.0243414493227156	-0.193419810875435	-0.263487938323308	0	0	0	0.0315066427688336	0.251800079579965	0.0121932390599053	0	0
1.53628033697369	-0.0290324213659683	-0.824210905227003	1.62940612620295	0	0	1.20302261445346	-0.364361550951885	-0.277732902580021	-1.66044988082447	0	0	0	0.0269953098190115	-0.202246890233463	-0.217395195976390	0	0	0	0.0288853724147626	0.242072541574884	0.00607855763890250	0	0
1.53628033697369	-0.0290324213659681	-0.827990543900673	1.62892330397577	0	0	1.21219035373838	-0.355337317637217	-0.307921818157863	-1.65822692239729	0	0	0	0.0256109149029297	-0.213989392473755	-0.207285017649068	0	0	0	0.0268683097340879	0.231504637872263	-0.0121941632837920	0	0
1.53570922978550	-0.0290318439450608	-0.827990543900673	1.62893845457023	0	0	1.21919368493457	-0.348395140404745	-0.327557869263583	-1.65722513961579	0	0	0	0.0205739900361544	-0.234039334308554	-0.208428209293023	0	0	0	0.0233954471258332	0.215119300584028	-0.0304780454327917	0	0
1.53628033697369	-0.0290324213659683	-0.827990543900673	1.62892330397577	0	0	1.21088685267527	-0.356627863765133	-0.334928515793430	-1.65666154961369	0	0	0	0.0160370112493513	-0.246741600538357	-0.205298476013989	0	0	0	0.0183332518942748	0.185856984678075	-0.0367931068647771	0	0
1.53628033697369	-0.0290324213659683	-0.827990543900673	1.62892330397577	0	0	1.20122340653073	-0.366203198878316	-0.330378735735815	-1.65576879462456	0	0	0	-0.0113452893385068	-0.249915413852152	-0.226617382799033	0	0	0	0.00879092806901593	0.138161901956202	-0.0307594442183850	0	0
1.53570922978550	-0.0290318439450608	-0.824210905227003	1.62942127722493	0	0	1.19147764911300	-0.375859423915981	-0.330334597272157	-1.65468719164673	0	0	0	-0.00430554085612864	-0.276607269256523	-0.216380912303948	0	0	0	0.00438721226663259	0.105488289534526	-0.0371346129479397	0	0
1.53570922978550	-0.0290318439450608	-0.827990543900673	1.62893845457023	0	0	1.14710975297149	-0.418970928221695	-0.296994793401681	-1.65166657149408	0	0	0	0.0317567183011766	-0.202276204461202	-0.177261440906406	0	0	0	0.000730678614585435	0.0819276183319389	-0.0498030197132491	0	0
1.53628033697369	-0.0290324213659683	-0.827990543900673	1.62892330397577	0	0	1.14032963533055	-0.425453111517375	-0.289584918481747	-1.65193332116695	0	0	0	0.0472905887942824	-0.174214114185969	-0.160349630527948	0	0	0	-0.00218960253847730	0.0554983720691240	-0.0530749613384689	0	0
1.53570922978550	-0.0290318439450608	-0.827990543900673	1.62893845457023	0	0	1.12831493886374	-0.437027410815501	-0.275678716092871	-1.65116582003720	0	0	0	0.0536978747362304	-0.170790664409547	-0.142034999426591	0	0	0	-0.00364304486489531	0.0262328736558758	-0.0534078682811251	0	0
1.53556315425702	-0.0291526943373320	-0.827990543900673	1.62869003658960	0	0	1.12641136505997	-0.438583462492146	-0.268457138147211	-1.65192955879006	0	0	0	0.0375293625006189	-0.286933232869787	0.346784762620103	0	0	0	-0.00364428324773552	-0.00291542427502922	-0.0567205632223556	0	0
1.53570922978550	-0.0290318439450608	-0.827554701665872	1.62940963222337	0	0	1.12147735862667	-0.443706880761029	-0.259073397768260	-1.65186171079085	0	0	0	0.0613008020690406	-0.302933419162001	0.511657638095853	0	0	0	-0.0237724155104776	-0.0749823144107980	-0.0568994001153673	0	0
1.53905340783646	-0.0248862924289879	-0.827990543900673	1.62921692738400	0	0	1.12323337046478	-0.441876775591675	-0.255551139998949	-1.65130464391943	0	0	0	0.0699091339001892	-0.318913553078942	0.568216191707627	0	0	0	-0.0309017743591901	-0.100764850124673	-0.0539145771680614	0	0
1.52017759738186	0.0448554915783964	-0.831560672881310	1.63502836028075	0	0	1.12156027947296	-0.443525528971824	-0.251986495333851	-1.65064527563085	0	0	0	0.0739803458180671	-0.318129789752839	0.918442471580577	0	0	0	-0.0289197972446312	-0.118630962792634	-0.0509714978438672	0	0
1.51377039538645	0.0521475994786806	-0.475272933800084	1.65560871815721	0	0	1.12832586060758	-0.436488014053347	-0.259170594867335	-1.64967710303956	0	0	0	0.0445923736697407	0.0305722570708417	0.200402703579803	0	0	0	-0.0279234874924629	-0.122373420442790	-0.0529457339793050	0	0
1.48680391536656	-0.0828469642594295	-0.293937264701888	1.67823691389585	0	0	1.03158865691791	-0.522943564327856	1.25861205915315	-1.58256959877509	0	0	0	0.0132730389832409	0.0739325128085007	0.174917980990623	0	0	0	-0.0214109290050343	-0.130120164080230	-0.0566640268067187	0	0
1.46099033055781	-0.109191110023265	-0.395619327809446	1.67162734635175	0	0	0.965858954790655	-0.578402098737909	0.957207709861541	-1.56891020067659	0	0	0	0.00848076458098515	0.180280408588237	0	0	0	0	-0.0170336830050040	-0.136688115619526	-0.0595618656987697	0	0
1.15158404958395	-0.401559704865283	-0.733202641669511	1.59940873065289	0	0	0.952723408628852	-0.582828104773003	0.903748982167500	-1.56422852957696	0	0	0	0.00122926891561027	0.195466772337288	-0.0105629219268117	0	0	0	-0.0150685749418325	-0.136692454560925	-0.0628353919474411	0	0
1.03715101583553	-0.509319978733837	-0.591218873882194	1.60753959388636	0	0	0.952850020598505	-0.574458162722359	0.577331489193643	-1.54067377162613	0	0	0	-0.00570171643085491	0.209319970488005	-0.0201314798011228	0	0	0	-0.0132201750536858	-0.129919116998271	-0.0656288798944627	0	0
0.908831756483529	-0.637771332356402	-0.467799277079623	1.60301089843810	0	0	0.986683605104481	-0.530858810627184	0.387679245551865	-1.52642276620976	0	0	0	-0.00797923137958913	0.230778587663965	-0.0188055841783026	0	0	0	-0.0113486753499299	-0.115073222658645	-0.0749202453017389	0	0
0.822779551110556	-0.721945431782731	0.389037286923238	1.62909935220428	0	0	1.06719991755527	-0.440341379775016	0.194201588959109	-1.51631550449483	0	0	0	-0.00554047089741961	0.223473112876193	0.00900730338226130	0	0	0	-0.0101087944748966	-0.102614026052586	-0.0808782542629177	0	0
0.794142851130981	-0.746805880598834	0.472340668291048	1.63859325208528	0	0	1.15995962108559	-0.335353522466266	0.0391481739431117	-1.51311434542889	0	0	0	-0.00633392394531393	0.215611126875182	0.0415145889714725	0	0	0	-0.00952391824253857	-0.0899166999062367	-0.0864272444902761	0	0
0.820274477586656	-0.716908136234942	0.542829285805124	1.64541555452481	0	0	1.24926581363350	-0.227577405250253	0.310951838101395	-1.52231145779714	0	0	0	-0.00640827040472667	0.215266261039233	0.0649919500567762	0	0	0	-0.00823802854667625	-0.0797177818156594	-0.0921230969381487	0	0
0.946298587047039	-0.582957944268918	0.488069319575102	1.64848745935200	0	0	1.28860819555789	-0.161737497946617	0.497038678359821	-1.52580239697675	0	0	0	-0.00644806682478607	0.213690897684413	0.0794727357288636	0	0	0	-0.00762038834506176	-0.0693311173676027	-0.100613684915641	0	0
1.04884302262871	-0.471009014965589	0.446846384071612	1.64966907808871	0	0	1.31413519623463	-0.103819575833691	0.585859901703419	-1.52603175291680	0	0	0	-0.00647010348666863	0.211490526270254	0.0917227248968440	0	0	0	-0.00766695059404464	-0.0613735259678889	-0.105695829229705	0	0
1.12760388075961	-0.379676919840084	0.389138603601700	1.64839392755846	0	0	1.32437268598962	-0.0459234077047664	0.621640540917155	-1.52395244670344	0	0	0	-0.0137424018528819	0.207617896355491	0.0931862502481606	0	0	0	-0.00699476083499774	-0.0475819383608335	-0.117649942936041	0	0
1.17407320825920	-0.318607949278037	-0.256632167277391	1.53150872073351	0	0	1.32003535735589	0.0113969981902209	0.641629268559943	-1.52089361741713	0	0	0	-0.0179146982818860	0.203088632178409	0.0906598574990505	0	0	0	-0.00553594819905737	-0.0387611446902707	-0.130240785330869	0	0
1.21202917972215	-0.264790689842556	1.47965455626982	1.60099816802652	0	0	1.30970060644665	0.0514722483532555	0.636045715626442	-1.51759248010857	0	0	0	-0.0208835529347453	0.191720924262447	0.0927555249429286	0	0	0	-0.000684428121202961	-0.0383373621825415	-0.127912489893961	0	0
1.23181255209510	-0.230486430890429	1.52790860638934	1.59529202645182	0	0	1.46146159363949	0.0546988621471859	0.597427015091986	-1.50072299435317	0	0	0	-0.0225162735066549	0.183719810969216	0.0915782368657501	0	0	0	0.00540030599015944	-0.0432156882501768	-0.121971802093043	0	0
1.25277379420153	-0.189931041022525	1.46797782086129	1.59903858109951	0	0	1.54796924227351	0.0136954894113770	0.494878301721428	-1.48729532665151	0	0	0	-0.0236063086754316	0.171814441689502	0.0894155779754310	0	0	0	0.00937448249205454	-0.0428672770594939	-0.118791918049644	0	0
1.26939644243073	-0.149765782088103	1.49420394041856	1.59391138515867	0	0	1.54736077295931	0.0221196223123837	0.309014614714797	-1.62884254276776	0	0	0	-0.0260485548895431	0.165927616305013	0.0837199036917718	0	0	0	0.0119580028450089	-0.0398696213981405	-0.116348746343725	0	0
1.27935329243170	-0.114709096501245	1.45854748380032	1.59454405883978	0	0	1.52792169225349	0.0387671632564677	0.165176796101307	-1.64034776294619	0	0	0	-0.0282983883461617	0.174601545447658	0.0601279130966319	0	0	0	0.0138770754898817	-0.0396579090874290	-0.107069284584725	0	0
1.29126435093395	-0.0786685442769858	1.42429244349503	1.59015916168921	0	0	1.40540161888481	0.164373870501655	-0.00448303269403653	-1.66524267620051	0	0	0	-0.0296330594321141	0.181460063804879	0.0390674249694002	0	0	0	0.0165161935121672	-0.0449371263516413	-0.0941693796570876	0	0
